-0.089706 -0.995968
0.000330 -1.000000
-0.000330 -1.000000
-0.216455 -0.976293
0.071893 -0.997412
0.000000 -1.000000
0.000000 -1.000000
0.216455 -0.976293
0.089706 -0.995968
0.226893 -0.973920
-0.226893 -0.973920
-0.010957 -0.999940
0.000000 -1.000000
0.000000 -1.000000
0.010957 -0.999940
-0.071893 -0.997412
0.000000 -1.000000
0.000000 -1.000000
0.000000 -1.000000
0.000000 -1.000000
1.000000 0.000000
1.000000 0.000000
0.000000 1.000000
0.000000 1.000000
0.000000 1.000000
0.000000 1.000000
0.000000 1.000000
0.000000 1.000000
-1.000000 0.000000
-1.000000 0.000000
