0.046207
0.029361
0.010790
0.066817
0.033974
0.033988
0.021744
0.022203
0.016487
0.055540
0.086968
0.030009
0.066174
0.007921
0.026441
0.006997
0.053862
0.053866
0.011939
0.013647
0.002979
0.007395
0.001663
0.020821
0.020754
0.002373
0.063165
0.015818
0.046008
0.063385
0.015082
0.067737
0.005889
0.032155
0.053729
0.031250
0.007723
0.004843
0.004792
0.020090
0.012117
0.001860
0.004474
0.009471
0.011441
0.009826
0.013061
0.011192
0.032349
0.012436
0.005387
0.033000
0.031612
0.002333
0.008351
0.001186
0.031433
0.029595
0.002857
0.016851
0.016819
0.050915
0.050922
0.011958
0.013252
0.028913
0.027345
0.017040
0.017028
0.027066
0.027138
0.003694
0.032850
0.032858
0.001723
0.006855
0.013439
0.007920
0.004929
0.026164
0.025624
0.014313
0.002748
0.014531
0.014563
0.014835
0.035937
0.002552
0.017549
0.018491
0.044475
0.039761
0.026921
0.027146
0.005165
0.003701
0.001906
0.040007
0.007852
0.001769
0.018002
0.049642
0.018016
0.049567
