0.169686 0.985498
-0.787505 -0.616308
0.529648 -0.848217
-0.773780 -0.633454
0.584824 -0.811160
0.173771 0.984786
0.923311 0.384054
-0.927980 0.372631
0.939987 0.341211
-0.866794 0.498667
-0.948043 -0.318143
0.689115 -0.724652
-0.087333 0.996179
-0.688761 -0.724989
0.948524 -0.316705
0.087473 0.996167
-0.738843 -0.673878
0.741418 -0.671043
0.009788 0.999952
-0.799597 -0.600537
0.695002 -0.719008
0.080631 0.996744
-0.236298 -0.971681
0.807836 0.589407
-0.992815 0.119656
0.590168 -0.807281
0.571241 0.820783
-0.757432 -0.652914
0.674952 -0.737862
0.213571 0.976928
-0.879115 0.476609
-0.833826 -0.552027
0.465143 -0.885236
-0.235736 -0.971817
0.993671 -0.112332
-0.887580 -0.460654
-0.659713 -0.751517
0.646009 -0.763330
-0.645984 -0.763351
0.659805 -0.751437
0.869368 0.494165
-0.858676 0.512520
0.893953 0.448162
-0.887892 0.460052
0.900974 0.433873
-0.757512 0.652822
-0.542502 -0.840055
0.737000 -0.675893
-0.119162 0.992875
0.897959 0.440079
-0.980580 0.196119
0.910961 0.412493
-0.908959 0.416885
0.911959 0.410282
-0.906939 0.421262
0.592474 0.805589
-0.900641 0.434563
0.879129 -0.476585
-0.779669 -0.626192
0.738981 -0.673727
-0.168176 -0.985757
0.997336 -0.072940
-0.620107 0.784518
-0.816560 -0.577260
-0.238057 -0.971251
-0.608759 -0.793355
-0.762970 -0.646433
0.471829 -0.881690
0.950971 0.309281
-0.739315 0.673359
-0.994361 -0.106052
0.187034 -0.982353
-0.920329 0.391145
0.809847 0.586641
-0.913145 0.407636
0.780779 0.624808
-0.877101 0.480307
-0.753222 0.657766
-0.999962 0.008685
0.082052 -0.996628
-0.088370 0.996088
-0.931316 -0.364211
-0.998922 -0.046411
0.455339 -0.890318
0.850347 -0.526222
0.205984 0.978555
0.844860 -0.534988
0.249628 0.968342
0.885005 0.465582
0.843789 0.536675
-0.848743 0.528806
-0.207276 0.978282
0.623556 -0.781779
0.849504 0.527582
-0.818739 0.574166
-0.376337 -0.926483
0.900821 0.434190
-0.568478 -0.822699
-0.377659 0.925945
0.801717 0.597703
-0.869456 0.494010
0.999991 -0.004283
-0.420633 -0.907231
-0.999280 0.037931
0.389272 -0.921123
0.129116 0.991630
-0.345001 0.938602
0.367630 0.929972
-0.586944 -0.809628
0.586845 -0.809699
-0.035282 0.999377
0.113423 0.993547
0.516240 0.856444
0.609793 -0.792561
-0.405016 0.914309
-0.607377 -0.794414
0.985230 0.171237
-0.676555 0.736392
0.677044 0.735943
-0.984830 0.173520
0.176514 0.984298
-0.173466 0.984840
0.060360 0.998177
-0.958701 0.284416
0.958705 0.284403
0.309454 0.950914
0.076163 0.997095
-0.955295 0.295655
0.381828 0.924234
-0.315550 0.948909
-0.998198 0.059999
0.969405 0.245467
-0.599017 0.800736
0.982268 0.187484
-0.970716 0.240229
0.002786 0.999996
-0.965348 -0.260965
-0.631461 -0.775407
-0.986002 0.166735
-0.551726 0.834025
0.552585 0.833456
