1 1 13 2
1 2 36 1
1 3 15 3
2 1 40 3
2 2 31 3
2 3 4 1
3 1 45 3
3 2 16 3
4 2 10 3
4 3 11 2
5 1 93 2
5 2 104 1
5 3 73 3
6 1 102 2
6 2 94 1
6 3 74 3
7 1 82 3
7 2 84 3
7 3 34 3
8 1 86 3
8 2 77 3
8 3 36 3
9 1 14 3
9 2 12 1
9 3 31 2
10 1 52 2
10 2 27 1
11 1 13 3
12 2 85 3
12 3 52 3
13 1 32 2
14 1 79 2
14 2 16 1
15 1 28 3
15 2 40 1
16 2 39 1
17 1 92 3
17 2 62 1
18 1 63 2
18 2 91 3
19 1 44 3
19 2 64 3
20 1 65 3
20 2 48 3
21 1 72 3
21 2 42 3
22 1 95 3
22 2 51 3
22 3 40 2
23 1 75 3
23 2 54 3
24 1 70 3
24 2 60 3
25 1 61 3
25 2 71 3
26 1 54 2
26 2 59 1
27 2 98 1
28 1 41 3
28 2 99 3
29 1 49 2
29 2 92 1
29 3 30 2
30 1 98 3
31 1 33 3
32 1 35 3
33 1 43 3
33 2 96 3
34 1 49 3
34 2 87 3
35 1 91 2
35 2 53 1
36 2 53 3
37 1 76 3
37 2 78 3
38 1 59 3
38 2 76 1
39 2 72 1
41 1 77 2
41 2 78 1
42 1 97 2
42 2 56 1
43 1 51 2
43 2 100 3
44 1 55 2
44 2 77 1
45 1 46 2
45 2 85 1
46 1 48 2
47 1 60 2
47 2 65 1
48 1 82 2
49 1 57 2
50 1 64 2
50 2 61 1
51 1 88 3
52 1 87 2
53 2 58 1
54 1 88 2
55 1 78 2
56 2 75 1
57 1 66 2
57 3 89 3
58 2 67 1
58 3 90 3
59 2 83 1
60 1 89 2
61 2 90 1
62 2 73 1
63 1 74 2
64 1 86 2
65 2 84 1
66 1 81 2
66 3 93 3
67 2 80 1
67 3 94 3
68 1 103 2
68 2 70 1
69 1 71 2
69 2 101 1
70 2 93 1
71 1 94 2
72 2 79 1
73 2 81 3
74 1 80 3
75 2 100 1
76 2 99 1
79 3 96 2
80 2 91 1
81 1 92 2
82 1 85 2
83 2 88 1
83 3 95 2
84 2 89 1
86 1 90 2
87 1 98 2
95 1 99 2
96 1 97 3
97 1 100 2
101 2 102 1
103 1 104 2
